snp	position	lABF	b	p	is_cs	SNP.PP	rsid	chr_position_ref_alt	b_alt	global_MAF
chr14:95714348:G:T	95714348	43.47001615	-0.272051	4.54E-22	TRUE	0.341407527	rs11846938	14_95714348_T_G	-0.272051	0.369505
chr14:95716279:A:C	95716279	42.92328619	0.295382	8.96E-22	TRUE	0.197620178	rs10131341	14_95716279_A_C	-0.295382	0.36146
chr14:95714358:G:T	95714358	42.80519087	0.282436	9.14E-22	TRUE	0.175607533	rs2887399	14_95714358_G_T	-0.282436	0.254513
chr14:95715725:A:G	95715725	42.50067712	0.313039	1.43E-21	TRUE	0.129507374	rs728739	14_95715725_A_G	-0.313039	0.291013
chr17:7668434:G:T	7668434	14.48911302	0.552471	7.15E-09	TRUE	0.995794339	rs78378222	17_7668434_T_G	0.552471	
chr3:24301839:C:T	24301839	15.43868162	0.144951	2.55E-09	TRUE	0.665529023	rs1505307	3_24301839_T_C	0.144951	0.35989
chr3:24315752:A:C	24315752	13.94682001	0.138685	1.25E-08	TRUE	0.149713076	rs7640580	3_24315752_C_A	0.138685	0.255887
chr5:1285859:A:C	1285859	30.23148362	0.257732	6.28E-27	TRUE	0.992878741	rs7705526	5_1285859_C_A	0.257732	
chr5:1287079:A:G	1287079	24.37639773	-0.234337	1.15E-24	TRUE	0.999957987	rs2853677	5_1287079_G_A	-0.234337	0.387363
